9 1 10
2.97 31.72 1.43 1.45 0.88 1.59 29.00 0.00 2.97 31.98
2.98 35.54 1.89 * 0.79 1.47 31.63 0.00 2.98 34.62
2.78 40.15 2.75 2.79 1.46 2.29 37.41 0.00 2.78 40.21
2.93 * 4.00 4.19 1.02 * 42.14 0.01 2.93 45.09
3.40 50.68 5.40 5.89 1.38 1.83 50.58 0.04 3.40 54.02
4.08 63.50 7.47 8.34 1.94 2.63 63.52 0.24 4.08 67.84
4.27 62.72 8.54 9.53 1.55 2.15 * 0.41 4.27 69.29
4.40 63.92 10.30 11.39 1.53 2.12 67.70 0.58 4.40 72.70
* 63.58 13.47 14.61 1.43 2.03 70.32 0.91 4.43 75.71
4.77 62.37 13.13 14.30 1.62 2.20 67.91 1.27 4.77 73.99
